[app/ui]
version = 9.1.0.2
modtime = 1707736240.432323000

[app/launcher]
version = 9.1.0.2
modtime = 1707736240.439961000

[app/package/check_for_updates]
version = 9.1.0.2
modtime = 1707736240.443053000
